17 <- 50 -> 76
9 <- 17 -> 23
. <- 9 -> 14
12 <- 14 -> .
. <- 12 -> .
19 <- 23 -> .
. <- 19 -> .
54 <- 76 -> .
. <- 54 -> 72
67 <- 72 -> .
. <- 67 -> .
